{
    "objects": [
        {
            "name": "Cube",
            "type": "MESH",
            "matrix": [
                [
                    0.9580333232879639,
                    0.28354334831237793,
                    -0.042134515941143036,
                    -4.321442127227783
                ],
                [
                    -0.2813960015773773,
                    0.902205765247345,
                    -0.3268655240535736,
                    -0.9304044246673584
                ],
                [
                    -0.05466654151678085,
                    0.32500457763671875,
                    0.9441311359405518,
                    2.42939829826355
                ],
                [
                    0.0,
                    0.0,
                    0.0,
                    1.0
                ]
            ],
            "data": "Cube"
        },
        {
            "name": "Light",
            "type": "LIGHT",
            "matrix": [
                [
                    -0.29086464643478394,
                    -0.7711008191108704,
                    0.5663931965827942,
                    4.076245307922363
                ],
                [
                    0.9551711678504944,
                    -0.1998833566904068,
                    0.21839119493961334,
                    1.0054539442062378
                ],
                [
                    -0.05518905818462372,
                    0.6045247316360474,
                    0.7946722507476807,
                    5.903861999511719
                ],
                [
                    0.0,
                    0.0,
                    0.0,
                    1.0
                ]
            ],
            "data": "Light"
        },
        {
            "name": "Camera",
            "type": "CAMERA",
            "matrix": [
                [
                    0.6859206557273865,
                    -0.32401347160339355,
                    0.6515582203865051,
                    7.358891487121582
                ],
                [
                    0.7276763319969177,
                    0.305420845746994,
                    -0.6141703724861145,
                    -6.925790786743164
                ],
                [
                    0.0,
                    0.8953956365585327,
                    0.44527140259742737,
                    4.958309173583984
                ],
                [
                    0.0,
                    0.0,
                    0.0,
                    1.0
                ]
            ],
            "data": "Camera"
        },
        {
            "name": "Cube.001",
            "type": "MESH",
            "matrix": [
                [
                    0.3584127724170685,
                    0.6509307622909546,
                    -0.6692005395889282,
                    0.7607450485229492
                ],
                [
                    -0.7368330359458923,
                    0.6374058127403259,
                    0.225368469953537,
                    2.172611713409424
                ],
                [
                    0.5732516050338745,
                    0.41231414675712585,
                    0.7080816626548767,
                    2.691692352294922
                ],
                [
                    0.0,
                    0.0,
                    0.0,
                    1.0
                ]
            ],
            "data": "Cube"
        },
        {
            "name": "Empty",
            "type": "EMPTY",
            "matrix": [
                [
                    0.967832088470459,
                    0.24482108652591705,
                    0.057997483760118484,
                    2.3097705841064453
                ],
                [
                    -0.21736961603164673,
                    0.9297277927398682,
                    -0.2972485423088074,
                    0.11844611167907715
                ],
                [
                    -0.12669457495212555,
                    0.27507978677749634,
                    0.9530370235443115,
                    -2.636169910430908
                ],
                [
                    0.0,
                    0.0,
                    0.0,
                    1.0
                ]
            ],
            "data": ""
        }
    ],
    "objectdata": [
        {
            "name": "Cube",
            "vertices": [
                0.08195322751998901,
                2.5102598667144775,
                2.6836395263671875,
                1.0,
                1.0,
                -1.0,
                1.0,
                -1.0,
                1.0,
                1.0,
                -1.0,
                -1.0,
                -1.0,
                1.0,
                1.0,
                -1.0,
                1.0,
                -1.0,
                -1.0,
                -1.0,
                1.0,
                -1.0,
                -1.0,
                -1.0
            ],
            "indices": [
                4,
                2,
                0,
                2,
                7,
                3,
                6,
                5,
                7,
                1,
                7,
                5,
                1,
                2,
                3,
                4,
                1,
                5,
                4,
                6,
                2,
                2,
                6,
                7,
                6,
                4,
                5,
                1,
                3,
                7,
                1,
                0,
                2,
                4,
                0,
                1
            ]
        },
        {
            "name": "Light",
            "type": "POINT",
            "energy": 1000.0,
            "color": [
                1.0,
                1.0,
                1.0
            ]
        },
        {
            "name": "Camera",
            "fov_vertical": 0.4710899591445923,
            "fov_horizontal": 0.6911112070083618,
            "fov_diagonal": 0.6911112070083618
        }
    ]
}