{
    "objects": [
        {
            "name": "Light",
            "type": "LIGHT",
            "matrix": [
                [
                    -0.29086464643478394,
                    -0.7711008191108704,
                    0.5663931965827942,
                    4.076245307922363
                ],
                [
                    0.9551711678504944,
                    -0.1998833566904068,
                    0.21839119493961334,
                    1.0054539442062378
                ],
                [
                    -0.05518905818462372,
                    0.6045247316360474,
                    0.7946722507476807,
                    5.903861999511719
                ],
                [
                    0.0,
                    0.0,
                    0.0,
                    1.0
                ]
            ],
            "data": "Light(light)"
        },
        {
            "name": "Camera",
            "type": "CAMERA",
            "matrix": [
                [
                    0.6859206557273865,
                    -0.32401347160339355,
                    0.6515582203865051,
                    7.358891487121582
                ],
                [
                    0.7276763319969177,
                    0.305420845746994,
                    -0.6141703724861145,
                    -6.925790786743164
                ],
                [
                    0.0,
                    0.8953956365585327,
                    0.44527140259742737,
                    4.958309173583984
                ],
                [
                    0.0,
                    0.0,
                    0.0,
                    1.0
                ]
            ],
            "data": "Camera(camera)"
        },
        {
            "name": "Empty",
            "type": "EMPTY",
            "matrix": [
                [
                    0.967832088470459,
                    0.24482108652591705,
                    0.057997483760118484,
                    1.8922173976898193
                ],
                [
                    -0.21736961603164673,
                    0.9297277927398682,
                    -0.2972485423088074,
                    0.3342418670654297
                ],
                [
                    -0.12669457495212555,
                    0.27507978677749634,
                    0.9530370235443115,
                    -2.075495958328247
                ],
                [
                    0.0,
                    0.0,
                    0.0,
                    1.0
                ]
            ],
            "data": ""
        },
        {
            "name": "Empty.001",
            "type": "EMPTY",
            "matrix": [
                [
                    0.967832088470459,
                    0.24482108652591705,
                    0.057997483760118484,
                    -10.943984985351562
                ],
                [
                    -0.21736961603164673,
                    0.9297277927398682,
                    -0.2972485423088074,
                    -6.121970176696777
                ],
                [
                    -0.12669457495212555,
                    0.27507978677749634,
                    0.9530370235443115,
                    5.6496500968933105
                ],
                [
                    0.0,
                    0.0,
                    0.0,
                    1.0
                ]
            ],
            "data": ""
        },
        {
            "name": "Plane",
            "type": "MESH",
            "matrix": [
                [
                    0.7999324798583984,
                    -0.40351176261901855,
                    0.44416919350624084,
                    0.0
                ],
                [
                    0.4523395001888275,
                    0.8918347358703613,
                    -0.00444708252325654,
                    0.0
                ],
                [
                    -0.39433106780052185,
                    0.2044726312160492,
                    0.8959318995475769,
                    0.0
                ],
                [
                    0.0,
                    0.0,
                    0.0,
                    1.0
                ]
            ],
            "data": "Plane(mesh)"
        },
        {
            "name": "Plane.001",
            "type": "MESH",
            "matrix": [
                [
                    0.9609867930412292,
                    0.1993137151002884,
                    -0.19177702069282532,
                    0.4521024227142334
                ],
                [
                    -0.21811799705028534,
                    0.9724443554878235,
                    -0.08231966197490692,
                    3.5284323692321777
                ],
                [
                    0.17008504271507263,
                    0.12093812972307205,
                    0.9779800772666931,
                    3.910578727722168
                ],
                [
                    0.0,
                    0.0,
                    0.0,
                    1.0
                ]
            ],
            "data": "Plane(mesh)"
        }
    ],
    "objectdata": [
        {
            "name": "Light(light)",
            "type": "POINT",
            "energy": 1000.0,
            "color": [
                1.0,
                1.0,
                1.0
            ]
        },
        {
            "name": "Camera(camera)",
            "fov_vertical": 0.4710899591445923,
            "fov_horizontal": 0.6911112070083618,
            "fov_diagonal": 0.6911112070083618
        },
        {
            "name": "Plane(mesh)",
            "vertices": [
                -1.0,
                -1.0,
                0.0,
                1.0,
                -1.0,
                0.0,
                -2.117631673812866,
                2.430691719055176,
                1.0264593362808228,
                1.0,
                1.0,
                0.0
            ],
            "indices": [
                0,
                3,
                2,
                0,
                1,
                3
            ]
        },
        {
            "name": "Plane(mesh)",
            "vertices": [
                -1.0,
                -1.0,
                0.0,
                1.0,
                -1.0,
                0.0,
                -2.117631673812866,
                2.430691719055176,
                1.0264593362808228,
                1.0,
                1.0,
                0.0
            ],
            "indices": [
                0,
                3,
                2,
                0,
                1,
                3
            ]
        }
    ]
}